1403636586163555584.000000 15.156682014 -10.707524300 -7.208083630 -0.651904583 -0.591985643 -0.338020265 0.332138121
1403636586363555584.000000 15.149703979 -10.723960876 -7.200200558 -0.671173573 -0.597122371 -0.312487394 0.308743507
1403636586663555584.000000 15.160400391 -10.749010086 -7.190242767 -0.683206558 -0.608809352 -0.284339339 0.285886824
1403636588213555456.000000 15.480780602 -10.692507744 -7.201068878 -0.701648593 -0.587850809 -0.291442901 0.277816236
1403636588463555584.000000 15.494182587 -10.693120003 -7.207219124 -0.700067699 -0.585430264 -0.291924626 0.286280721
1403636589013555456.000000 15.351179123 -10.712159157 -7.194861412 -0.691174150 -0.596144319 -0.284996390 0.292689830
1403636589913555456.000000 14.939631462 -10.742190361 -7.186898232 -0.661675870 -0.627377272 -0.268248707 0.310846299
1403636590013555456.000000 14.907825470 -10.744544029 -7.191218853 -0.658472836 -0.631146848 -0.261798203 0.315482229
1403636590113555456.000000 14.885145187 -10.746027946 -7.191475391 -0.653569520 -0.632250309 -0.262610316 0.322710901
1403636590213555456.000000 14.874130249 -10.747243881 -7.189937592 -0.649966598 -0.632321239 -0.264022797 0.328641713
1403636590513555456.000000 14.917350769 -10.754805565 -7.182655811 -0.653239489 -0.630116284 -0.272915423 0.318980902
1403636591663555584.000000 15.330271721 -10.722661018 -7.216383934 -0.682528555 -0.594470322 -0.301071316 0.300193071
1403636591763555584.000000 15.338485718 -10.716060638 -7.219578266 -0.679322958 -0.584316373 -0.321783841 0.305859268
1403636592063555584.000000 15.362174034 -10.690926552 -7.219442368 -0.691038013 -0.557875454 -0.344546944 0.304185718
1403636593863555584.000000 15.042168617 -10.791500092 -7.246779919 -0.658119500 -0.625779450 -0.243802130 0.340351969
1403636594013555456.000000 15.115361214 -10.835647583 -7.246875763 -0.689638734 -0.584212184 -0.279584795 0.323924452
1403636594163555584.000000 15.199100494 -10.851917267 -7.245219707 -0.717827082 -0.547031105 -0.306708336 0.302342892
1403636594313555456.000000 15.286377907 -10.830944061 -7.247544765 -0.734822154 -0.526884496 -0.321594328 0.281080782
1403636594613555456.000000 15.428788185 -10.703946114 -7.251122952 -0.729592383 -0.516321242 -0.351369977 0.278651476
1403636596113555456.000000 15.275763512 -10.802474022 -7.295214176 -0.675503552 -0.596471906 -0.309126645 0.303902864
1403636596263555584.000000 15.276853561 -10.854982376 -7.290771484 -0.689014614 -0.581348598 -0.313631058 0.298208296
1403636596413555456.000000 15.228899002 -10.909969330 -7.273049831 -0.689831078 -0.575849473 -0.318702579 0.301594526
1403636596563555584.000000 15.170292854 -10.962359428 -7.254576683 -0.681287408 -0.580278039 -0.325303376 0.305454761
1403636596713555456.000000 15.127470016 -10.992366791 -7.246047020 -0.679756284 -0.583825231 -0.324126124 0.303350836
1403636596963555584.000000 15.125760078 -10.948204041 -7.250142097 -0.669760287 -0.589265287 -0.335356861 0.302858859
1403636597213555456.000000 15.170980453 -10.802965164 -7.259173870 -0.669106662 -0.604576349 -0.316048622 0.294783145
1403636598263555584.000000 15.107028008 -10.717918396 -7.277210236 -0.587046087 -0.683508277 -0.268055826 0.341085821
1403636598413555456.000000 15.120609283 -10.745182037 -7.298662186 -0.594695628 -0.685401022 -0.267938077 0.323684663
1403636598563555584.000000 15.138407707 -10.727053642 -7.320271015 -0.590991080 -0.684022665 -0.274697840 0.327694446
1403636598713555456.000000 15.154028893 -10.678763390 -7.340841770 -0.577634871 -0.680457771 -0.281741470 0.352046907
1403636598863555584.000000 15.166154861 -10.628208160 -7.370581150 -0.560723901 -0.672648251 -0.291973084 0.384557843
1403636599163555584.000000 15.181962967 -10.561576843 -7.431123734 -0.539121032 -0.650738180 -0.315921932 0.431371927
1403636599763555584.000000 15.190431595 -10.515606880 -7.481066704 -0.529303074 -0.612709880 -0.361315548 0.462467402
1403636602663555584.000000 15.195506096 -10.518486023 -7.483823299 -0.528181076 -0.598096430 -0.365514874 0.479274869
1403636605413555456.000000 15.195540428 -10.518486023 -7.483873844 -0.528251469 -0.597989976 -0.365469337 0.479364872
1403636608213555456.000000 15.195513725 -10.518457413 -7.483896255 -0.528084159 -0.598063350 -0.365600675 0.479357421
1403636611113555456.000000 15.195549011 -10.518373489 -7.483864784 -0.528145194 -0.598135710 -0.365453094 0.479312479
1403636613713555456.000000 15.196124077 -10.518516541 -7.484215736 -0.527872086 -0.597842932 -0.365989685 0.479569018
1403636616463555584.000000 15.196170807 -10.518365860 -7.484290123 -0.527964950 -0.597835600 -0.365707457 0.479691207
1403636619263555584.000000 15.196159363 -10.518465042 -7.484245300 -0.528205752 -0.597579300 -0.365712136 0.479741842
1403636622013555456.000000 15.196188927 -10.518325806 -7.484230995 -0.527805209 -0.597847044 -0.366037190 0.479601234
1403636624913555456.000000 15.254619598 -10.557345390 -7.479616165 -0.533636510 -0.622125089 -0.375042796 0.433053613
1403636625163555584.000000 15.283329964 -10.589719772 -7.429127216 -0.537838578 -0.638743877 -0.366142571 0.410701305
1403636625313555456.000000 15.288151741 -10.598574638 -7.387560368 -0.538349986 -0.631430387 -0.364156604 0.422924399
1403636625563555584.000000 15.288348198 -10.596307755 -7.391336441 -0.539241910 -0.634280086 -0.358697534 0.422188491
1403636625763555584.000000 15.279827118 -10.576089859 -7.372333527 -0.533495903 -0.631865263 -0.363845110 0.428655088
1403636627313555456.000000 15.326219559 -10.509454727 -7.150972843 -0.521236360 -0.628181279 -0.365227431 0.447559983
1403636627463555584.000000 15.339657784 -10.519980431 -7.114841938 -0.521984577 -0.625373363 -0.364744633 0.451000780
1403636628063555584.000000 15.416280746 -10.544785500 -7.110730171 -0.567673206 -0.611922979 -0.372208655 0.405904055
1403636628213555456.000000 15.431339264 -10.525303841 -7.087999821 -0.564348698 -0.596540689 -0.386564165 0.419783115
1403636629413555456.000000 15.698162079 -10.380972862 -6.973982334 -0.600388706 -0.562104225 -0.403365403 0.401084393
1403636629763555584.000000 15.819787979 -10.312931061 -7.015594006 -0.638926387 -0.529889226 -0.415910989 0.371494979
1403636629913555456.000000 15.884252548 -10.276246071 -7.050663471 -0.658426523 -0.512258768 -0.425402522 0.350853592
1403636630063555584.000000 15.950063705 -10.234612465 -7.074814320 -0.668999732 -0.497234374 -0.435650766 0.339714378
1403636630213555456.000000 16.017576218 -10.184165955 -7.079932213 -0.666913688 -0.482178390 -0.453220934 0.342521369
1403636630663555584.000000 16.220321655 -10.027906418 -7.022200108 -0.663551211 -0.486166298 -0.460367501 0.333772212
1403636633113555456.000000 16.940109253 -9.011404037 -7.167869568 -0.602831662 -0.559821486 -0.417631835 0.385717005
1403636633663555584.000000 17.041042328 -8.719076157 -7.238680840 -0.604209423 -0.570460439 -0.395453125 0.391309112
1403636633813555456.000000 17.071449280 -8.626860619 -7.253390789 -0.606947303 -0.566584170 -0.397170246 0.390964299
1403636634463555584.000000 17.254554749 -8.166808128 -7.230027676 -0.598719299 -0.560078979 -0.412150085 0.397465914
1403636634613555456.000000 17.305007935 -8.053846359 -7.231461525 -0.591925859 -0.561419666 -0.416833609 0.400851011
1403636634813555456.000000 17.365556717 -7.910840511 -7.243666649 -0.583023131 -0.573170245 -0.410667658 0.403623611
1403636634963555584.000000 17.405879974 -7.807354927 -7.240573883 -0.579790771 -0.581651807 -0.402728617 0.404145569
1403636635363555584.000000 17.495761871 -7.532433987 -7.236536980 -0.578664899 -0.591010690 -0.387107193 0.407432705
1403636635763555584.000000 17.584318161 -7.237260342 -7.206982613 -0.582152963 -0.583429456 -0.383544505 0.416655481
1403636635963555584.000000 17.642127991 -7.080133438 -7.153772354 -0.587809682 -0.576078176 -0.378207147 0.423760742
1403636636163555584.000000 17.715465546 -6.919715405 -7.100080013 -0.586096108 -0.586602032 -0.382229537 0.407786816
1403636636363555584.000000 17.793361664 -6.754364967 -7.029254913 -0.571757793 -0.582163095 -0.402823716 0.414622962
1403636636563555584.000000 17.867462158 -6.600273609 -6.965866089 -0.559796333 -0.577673674 -0.419037998 0.421103626
1403636636763555584.000000 17.931488037 -6.469852924 -6.935960293 -0.552671611 -0.585047722 -0.428750038 0.410422593
1403636637013555456.000000 17.977132797 -6.339614391 -6.945843220 -0.557892323 -0.587926030 -0.418448865 0.409877747
1403636637313555456.000000 18.000574112 -6.210282326 -6.988599300 -0.570475817 -0.590284467 -0.396461278 0.411023378
1403636637913555456.000000 18.017894745 -5.930448055 -6.909301281 -0.567797601 -0.593223035 -0.392505914 0.414284199
1403636638113555456.000000 18.019636154 -5.828614712 -6.881588459 -0.564201355 -0.590173006 -0.396330327 0.419875056
1403636638313555456.000000 18.020490646 -5.732125282 -6.900483608 -0.564360380 -0.589784026 -0.394914001 0.421539068
1403636638713555456.000000 18.041528702 -5.540019989 -6.968203545 -0.582275331 -0.601247907 -0.367601573 0.405370921
1403636638913555456.000000 18.067584991 -5.415523529 -6.950160503 -0.573672533 -0.595743656 -0.379042476 0.415109694
1403636639313555456.000000 18.145179749 -5.141103268 -6.937707424 -0.581893265 -0.585053027 -0.366202980 0.430126220
1403636640113555456.000000 18.387550354 -4.578341007 -7.084027767 -0.554181516 -0.595248759 -0.394174606 0.428004801
1403636640713555456.000000 18.527904510 -4.254059315 -7.079150677 -0.535044253 -0.614376128 -0.380885214 0.437259853
1403636641513555456.000000 18.660043716 -3.933665514 -7.142721653 -0.541643441 -0.609508753 -0.373999000 0.441866845
1403636642313555456.000000 18.791790009 -3.729168892 -7.100379944 -0.556427956 -0.590903521 -0.397300601 0.428221107
1403636643113555456.000000 18.902482986 -3.615708351 -7.153516769 -0.583057225 -0.579632342 -0.395656049 0.409300506
1403636643363555584.000000 18.940036774 -3.576749802 -7.158161163 -0.580918729 -0.578091681 -0.397387832 0.412827343
1403636643813555456.000000 19.022699356 -3.468534470 -7.111434460 -0.587988734 -0.593129694 -0.380771518 0.396836907
1403636644013555456.000000 19.063507080 -3.393590927 -7.087328911 -0.589619696 -0.597438395 -0.377234727 0.391292781
1403636644613555456.000000 19.199792862 -3.060009480 -7.144400120 -0.586126208 -0.561344385 -0.383701712 0.440592289
1403636645013555456.000000 19.363420486 -2.855058432 -7.303291321 -0.578077435 -0.581790507 -0.400512367 0.408578277
1403636645213555456.000000 19.442810059 -2.763641119 -7.359188080 -0.597648859 -0.595484018 -0.373966336 0.385180324
1403636646213555456.000000 19.822013855 -1.949287772 -7.384688854 -0.609969258 -0.548725426 -0.405634969 0.402862608
1403636646613555456.000000 20.021978378 -1.608687520 -7.353999138 -0.647341788 -0.478834152 -0.462207317 0.371525258
1403636647013555456.000000 20.224988937 -1.350499272 -7.263219833 -0.662000597 -0.467394650 -0.470311612 0.349434555
1403636647413555456.000000 20.414642334 -1.141558647 -7.213361740 -0.664550245 -0.471076667 -0.463164777 0.349196494
1403636647613555456.000000 20.508113861 -1.053138256 -7.210709572 -0.658800721 -0.464593530 -0.466220170 0.364380658
1403636647813555456.000000 20.609409332 -0.980242968 -7.195103645 -0.661053777 -0.465143114 -0.467839003 0.357458502
1403636648013555456.000000 20.716287613 -0.925502598 -7.190381527 -0.671798170 -0.452793986 -0.474923998 0.343674272
1403636648213555456.000000 20.826066971 -0.890883625 -7.216835976 -0.693306267 -0.420654029 -0.489941061 0.319897562
1403636649613555456.000000 21.530143738 -0.885777831 -7.129550457 -0.743287504 -0.330426067 -0.527549624 0.245017812
1403636649813555456.000000 21.614095688 -0.896104693 -7.041812897 -0.743653476 -0.316762269 -0.535990119 0.243630543
1403636650013555456.000000 21.690055847 -0.916453183 -6.985721588 -0.745441377 -0.308132291 -0.542523623 0.234605789
1403636650213555456.000000 21.755195618 -0.951328278 -6.969555378 -0.751683295 -0.290861398 -0.548453450 0.222644717
1403636651063555584.000000 21.927927017 -1.205560327 -7.033480167 -0.787694752 -0.187046811 -0.569469333 0.142320961
1403636651313555456.000000 21.949497223 -1.281644821 -6.995118618 -0.790349305 -0.191302314 -0.564142048 0.143161088
1403636651613555456.000000 21.960891724 -1.374254465 -6.956917286 -0.787866235 -0.198546439 -0.563307285 0.150103316
1403636652513555456.000000 21.896162033 -1.816257834 -7.096792698 -0.826327741 -0.039369464 -0.560266912 0.041636076
1403636653113555456.000000 21.919143677 -2.146216869 -7.095590115 -0.828452706 -0.016715983 -0.559585214 0.015848976
1403636653913555456.000000 22.050254822 -2.499811649 -7.055809975 -0.806402445 -0.040497385 -0.589264810 0.029019063
1403636654313555456.000000 22.035087585 -2.655164957 -7.086003780 -0.809718013 -0.020062227 -0.586042464 0.022550413
1403636654713555456.000000 21.978536606 -2.816143036 -7.034626484 0.818141282 -0.039879620 0.573269427 0.020414349
1403636655313555456.000000 21.882507324 -3.023820400 -7.057242870 0.802051723 -0.069256663 0.591823041 0.040768769
1403636655513555456.000000 21.828670502 -3.087612152 -7.075018406 0.798839271 -0.087087780 0.593180537 0.049075693
1403636655913555456.000000 21.663587570 -3.219467640 -7.135076046 0.810797453 -0.145857275 0.561970949 0.074309088
1403636656113555456.000000 21.581150055 -3.298284769 -7.187960148 0.805103183 -0.174319863 0.559087873 0.094033234
1403636656263555584.000000 21.519155502 -3.362948418 -7.200763702 0.805128813 -0.182432517 0.554257035 0.106231369
1403636656463555584.000000 21.444726944 -3.455404043 -7.183027744 0.806226313 -0.186701685 0.550423086 0.110345557
1403636656613555456.000000 21.397441864 -3.529947758 -7.156392574 0.805563033 -0.182989076 0.552150488 0.112752602
1403636656963555584.000000 21.294942856 -3.708119631 -7.133146286 0.788000941 -0.169656545 0.580314457 0.116216943
1403636657263555584.000000 21.174293518 -3.844362974 -7.167953014 0.787175357 -0.172408223 0.583077490 0.103204496
1403636657413555456.000000 21.098348618 -3.910235882 -7.175915718 0.793374181 -0.176330686 0.574339509 0.097975031
1403636657713555456.000000 20.936588287 -4.056031704 -7.208292961 0.801388383 -0.181052998 0.562375665 0.093435064
1403636657913555456.000000 20.829729080 -4.168762684 -7.246695518 0.801272631 -0.193201825 0.559333324 0.088213034
1403636658313555456.000000 20.615577698 -4.450187683 -7.270881176 0.805777967 -0.185661301 0.550872624 0.113097787
1403636658463555584.000000 20.542774200 -4.563540936 -7.283102512 0.807456315 -0.182973355 0.547838867 0.120032363
1403636658613555456.000000 20.477802277 -4.675370693 -7.300889492 0.808641970 -0.176817507 0.545799375 0.130141944
1403636658763555584.000000 20.421646118 -4.780986786 -7.324219704 0.807219088 -0.173091874 0.547595203 0.136294290
1403636659063555584.000000 20.333955765 -4.962084293 -7.387869358 0.794584572 -0.175184026 0.565565407 0.134468406
1403636659213555456.000000 20.291242599 -5.037073612 -7.432032585 0.790642738 -0.176688358 0.571162939 0.132053375
1403636659413555456.000000 20.229541779 -5.122877598 -7.483140469 0.796815038 -0.177628592 0.562635660 0.130288303
1403636659763555584.000000 20.130441666 -5.249937057 -7.536123276 0.796761751 -0.178241208 0.561660528 0.133933797
1403636659913555456.000000 20.091350555 -5.291849136 -7.575363159 0.796940148 -0.180435866 0.560542881 0.134614617
1403636660363555584.000000 19.995923996 -5.384784222 -7.739653587 0.816213012 -0.186922923 0.530199409 0.133209839
1403636660663555584.000000 20.001705170 -5.437470436 -7.816739082 0.811321914 -0.182850420 0.537864685 0.137927845
1403636660813555456.000000 20.025423050 -5.458993912 -7.864676476 0.800632894 -0.173175126 0.553629518 0.149972752
1403636660963555584.000000 20.052755356 -5.468089104 -7.924723625 0.796456575 -0.168233231 0.559537113 0.155796990
1403636661263555584.000000 20.110980988 -5.444516182 -8.064166069 0.791402459 -0.178246573 0.567386031 0.141362727
1403636661563555584.000000 20.152618408 -5.382153034 -8.155174255 0.791597903 -0.180704132 0.567552805 0.136391386
1403636661713555456.000000 20.165927887 -5.339972496 -8.175803185 0.791296363 -0.182193354 0.568327010 0.132891402
1403636662013555456.000000 20.175502777 -5.251131535 -8.167389870 0.786496997 -0.188702777 0.575695515 0.119952090
1403636662613555456.000000 20.111753464 -5.064275265 -8.141779900 0.803608775 -0.185762152 0.550009370 0.131130263
1403636662913555456.000000 20.086776733 -4.965562344 -8.189429283 0.799808383 -0.204633400 0.553641677 0.109145507
1403636663263555584.000000 20.063831329 -4.912541389 -8.248485565 0.809005618 -0.206888422 0.539116442 0.109821014
1403636663663555584.000000 20.094377518 -4.920530796 -8.346385002 0.824947894 -0.186242670 0.515210748 0.139041483
1403636663813555456.000000 20.141326904 -4.925750732 -8.388803482 0.824173570 -0.174408227 0.516885817 0.152147546
1403636664163555584.000000 20.338268280 -4.889827728 -8.424546242 0.807045698 -0.157174975 0.545735240 0.161698639
1403636664563555584.000000 20.616544724 -4.741140842 -8.493698120 0.795372486 -0.159088299 0.569301903 0.134048313
1403636664963555584.000000 20.859741211 -4.532744884 -8.567763329 0.801011086 -0.152747899 0.566835642 0.117246129
1403636665163555584.000000 20.970592499 -4.417527199 -8.561330795 0.810728610 -0.153392941 0.554245889 0.109550476
1403636665363555584.000000 21.082424164 -4.303509712 -8.536086082 0.804302633 -0.159975171 0.564050257 0.096708953
1403636665563555584.000000 21.191408157 -4.199294090 -8.509496689 0.807016790 -0.149910972 0.559676230 0.114075296
1403636666563555584.000000 21.664113998 -3.627175808 -8.442198753 0.796856523 -0.166995242 0.572209895 0.098529868
1403636667563555584.000000 21.976470947 -3.215642691 -8.441637993 0.808263063 -0.148596838 0.559692085 0.106652036
1403636668163555584.000000 22.180635452 -3.020304441 -8.456863403 0.810723186 -0.158330709 0.554400861 0.101483993
1403636668563555584.000000 22.349542618 -2.917138577 -8.535796165 0.809563696 -0.160927832 0.552506268 0.115955628
1403636668963555584.000000 22.551633835 -2.791191578 -8.615131378 0.801856995 -0.149196267 0.561003208 0.141566709
1403636669163555584.000000 22.653627396 -2.696014404 -8.620010376 0.795636594 -0.160239667 0.570046186 0.127800226
1403636669363555584.000000 22.744928360 -2.586256742 -8.633701324 0.794484854 -0.162679285 0.571166575 0.126878276
1403636669763555584.000000 22.892017365 -2.331188679 -8.694030762 0.777382076 -0.158197641 0.595076263 0.128588066
1403636669963555584.000000 22.928354263 -2.185438871 -8.702274323 0.778342545 -0.185315609 0.593981624 0.083826572
1403636670163555584.000000 22.927345276 -2.060084343 -8.684471130 0.782147884 -0.193870366 0.588800013 0.063036814
1403636670363555584.000000 22.891798019 -1.972189307 -8.660343170 0.772629261 -0.197102442 0.602538109 0.033802286
1403636670563555584.000000 22.811111450 -1.934567213 -8.646116257 0.778768897 -0.182064563 0.600284755 0.005453344
1403636673063555584.000000 21.274021149 -4.194622517 -8.112445831 -0.816796601 -0.139005065 -0.554997444 0.074154131
1403636673563555584.000000 21.325920105 -4.222917080 -8.111379623 -0.827086151 -0.180819705 -0.524215460 0.091820218
1403636673813555456.000000 21.406728745 -4.165987492 -8.117945671 -0.805369496 -0.182169497 -0.555020511 0.100729965
1403636674663555584.000000 21.637912750 -3.762934208 -8.246812820 -0.796177804 -0.182195604 -0.556052148 0.153986320
1403636675213555456.000000 21.827495575 -3.530706167 -8.401432991 -0.817103565 -0.217684671 -0.515358210 0.139143884
1403636676313555456.000000 22.428981781 -2.762610435 -8.543094635 -0.747161508 -0.347264796 -0.521830022 0.221021146
1403636676563555584.000000 22.521814346 -2.570490837 -8.599133492 -0.723361969 -0.399704397 -0.507143855 0.244517833
1403636678563555584.000000 22.830110550 -1.202017665 -8.645155907 -0.586226821 -0.571937203 -0.404915452 0.406533509
1403636679563555584.000000 22.759634018 -0.891212285 -8.624180794 -0.425572842 -0.689782560 -0.301311374 0.502293944
1403636680063555584.000000 22.705955505 -0.849058807 -8.484427452 -0.381901413 -0.709549010 -0.307233483 0.506259978
1403636680313555456.000000 22.674369812 -0.877966523 -8.392800331 -0.374800116 -0.709957361 -0.322744846 0.501319408
1403636680563555584.000000 22.613185883 -0.957611561 -8.342768669 -0.376878738 -0.718106866 -0.330851585 0.482516557
1403636680813555456.000000 22.504299164 -1.080869913 -8.324804306 -0.398103893 -0.710456192 -0.310084164 0.490523338
1403636681063555584.000000 22.374782562 -1.221496224 -8.336808205 -0.426535219 -0.713158548 -0.273674071 0.484329522
1403636681563555584.000000 22.102315903 -1.441560149 -8.356842995 -0.407577783 -0.703295767 -0.295025319 0.502210617
1403636681813555456.000000 21.961946487 -1.553839445 -8.355103493 -0.401050061 -0.706289947 -0.298448920 0.501240075
1403636682563555584.000000 21.541635513 -1.953168392 -8.296687126 -0.406810284 -0.709444344 -0.286168575 0.499301285
1403636682813555456.000000 21.404953003 -2.083725214 -8.298534393 -0.405341864 -0.700361967 -0.294852942 0.508185923
1403636683063555584.000000 21.272073746 -2.225652695 -8.272674561 -0.401105851 -0.701330006 -0.305274069 0.504041731
1403636683313555456.000000 21.135980606 -2.386252165 -8.267421722 -0.404701352 -0.702136040 -0.296312541 0.505391657
1403636684313555456.000000 20.627443314 -3.049339771 -8.279904366 -0.398920804 -0.708370626 -0.279667974 0.510743797
1403636684563555584.000000 20.515026093 -3.205769777 -8.250728607 -0.398000479 -0.704817474 -0.276234031 0.518191934
1403636684813555456.000000 20.419828415 -3.364914894 -8.259477615 -0.397659212 -0.702821374 -0.274834126 0.521896064
1403636685813555456.000000 20.129032135 -4.068663597 -8.290474892 -0.399144828 -0.710053205 -0.293433666 0.500404358
1403636688563555584.000000 19.368944168 -5.614876270 -8.560386658 -0.395488769 -0.712706149 -0.285636902 0.504033923
1403636689063555584.000000 19.243413925 -5.874629021 -8.687982559 -0.385327846 -0.724323571 -0.271355957 0.503233373
1403636689313555456.000000 19.157842636 -5.996976376 -8.691689491 -0.381200939 -0.730935097 -0.254299670 0.505718648
1403636689563555584.000000 19.068553925 -6.097598553 -8.645432472 -0.377341479 -0.734025180 -0.248125046 0.507202625
1403636689813555456.000000 18.981254578 -6.180222034 -8.583771706 -0.390637726 -0.736511886 -0.228684321 0.502648950
1403636690063555584.000000 18.897752762 -6.215336800 -8.544790268 -0.397889733 -0.727604985 -0.224458456 0.511754990
1403636690313555456.000000 18.828399658 -6.201275826 -8.515139580 -0.389535218 -0.734703839 -0.240978852 0.500401616
1403636690563555584.000000 18.755580902 -6.149269581 -8.466598511 -0.391776174 -0.729734480 -0.239663079 0.506518185
1403636690813555456.000000 18.689411163 -6.067955494 -8.458520889 -0.408036232 -0.710648060 -0.216078639 0.530844510
1403636691063555584.000000 18.672731400 -5.951831341 -8.497334480 -0.403352231 -0.684272349 -0.219765231 0.566375792
1403636691313555456.000000 18.755456924 -5.828454494 -8.491795540 -0.374471605 -0.687040091 -0.256911665 0.567224324
1403636691563555584.000000 18.908866882 -5.741105556 -8.446786880 -0.371989250 -0.712006092 -0.252203554 0.539504170
1403636691813555456.000000 19.082740784 -5.667368889 -8.364887238 -0.362748146 -0.727305293 -0.259734273 0.521516085
1403636692063555584.000000 19.254535675 -5.607079029 -8.312551498 -0.365725666 -0.719439030 -0.254689634 0.532715261
1403636692313555456.000000 19.428535461 -5.556697369 -8.248460770 -0.363424361 -0.724716246 -0.261223644 0.523900151
1403636692563555584.000000 19.600311279 -5.524989605 -8.140800476 -0.364065677 -0.727098703 -0.264856309 0.518299937
1403636692813555456.000000 19.761571884 -5.504412651 -8.010272026 -0.360777318 -0.736436963 -0.274785310 0.501989424
1403636693063555584.000000 19.889963150 -5.496418476 -7.905208588 -0.361003458 -0.740643919 -0.275152773 0.495392948
1403636693313555456.000000 19.974260330 -5.497784615 -7.834528923 -0.370004296 -0.739369333 -0.259310901 0.499187112
1403636693563555584.000000 20.032047272 -5.493100166 -7.796277523 -0.382051080 -0.748257935 -0.238781735 0.486960441
1403636693913555456.000000 20.064224243 -5.423549652 -7.764025688 -0.374855399 -0.738726318 -0.245816484 0.503330052
1403636694663555584.000000 20.072774887 -5.217340469 -7.717834473 -0.368416995 -0.732240081 -0.252852708 0.513963938
1403636694963555584.000000 20.075241089 -5.144802094 -7.743353844 -0.378466606 -0.723298311 -0.243301138 0.523838818
1403636695613555456.000000 20.127799988 -4.974789619 -7.733016968 -0.372530222 -0.725103676 -0.266990542 0.513966978
1403636695913555456.000000 20.146839142 -4.914438248 -7.737357140 -0.375683427 -0.724195480 -0.267283320 0.512798667
1403636696613555456.000000 20.145792007 -4.814101696 -7.827195168 -0.377791017 -0.714028060 -0.272879571 0.522469819
1403636697263555584.000000 20.145774841 -4.844513893 -7.850375175 -0.360541433 -0.726706564 -0.300987810 0.501312196
1403636699963555584.000000 19.365762711 -5.533644676 -7.911474705 -0.707809687 -0.416506410 -0.474958152 0.316137284
1403636700663555584.000000 19.417907715 -5.645447731 -8.112696648 -0.721433640 -0.381200254 -0.498052925 0.293535858
1403636701013555456.000000 19.485015869 -5.725251675 -8.223885536 -0.734814823 -0.367110640 -0.501993418 0.270702004
1403636701713555456.000000 19.662483215 -5.823992252 -8.209521294 -0.724061847 -0.381045341 -0.504346550 0.275995404
1403636703863555584.000000 20.394260406 -5.830415249 -8.638559341 -0.765907109 -0.290649354 -0.532010555 0.214182526
1403636704213555456.000000 20.530906677 -5.814105511 -8.679365158 -0.767426789 -0.293243915 -0.525938809 0.220119461
1403636704563555584.000000 20.676126480 -5.797048092 -8.713798523 -0.772767246 -0.304846764 -0.516352952 0.208035871
1403636705263555584.000000 21.045843124 -5.605203629 -8.799207687 -0.766034067 -0.315050632 -0.521445036 0.205011860
1403636705613555456.000000 21.257455826 -5.414838314 -8.831968307 -0.769249082 -0.315116763 -0.516895056 0.204393834
1403636705963555584.000000 21.472560883 -5.184877872 -8.890357971 -0.762951195 -0.302325845 -0.526174605 0.222811028
1403636706313555456.000000 21.696441650 -4.969977379 -8.910315514 -0.756415844 -0.305474430 -0.532179594 0.226506874
1403636706663555584.000000 21.909238815 -4.779652596 -8.965926170 -0.758558214 -0.319759279 -0.527912617 0.208930299
1403636707013555456.000000 22.109148026 -4.558431625 -8.956119537 -0.765066683 -0.315887600 -0.522492647 0.204668820
1403636707513555456.000000 22.377851486 -4.186045170 -8.874264717 -0.768433213 -0.306938082 -0.525976121 0.196592227
1403636707863555584.000000 22.551708221 -3.891747475 -8.803629875 -0.774862409 -0.295700610 -0.516598880 0.212779403
1403636709263555584.000000 23.354175568 -2.873373985 -8.994681358 -0.753746986 -0.298092753 -0.550750256 0.199199319
1403636709613555456.000000 23.454999924 -2.663475990 -8.997476578 -0.761067331 -0.301245630 -0.541219413 0.192637667
1403636709913555456.000000 23.505130768 -2.465112209 -9.033290863 -0.759980917 -0.305029303 -0.539909124 0.194639146
1403636710563555584.000000 23.505308151 -1.988591671 -9.114387512 -0.755347490 -0.308009535 -0.524029255 0.244894847
1403636710913555456.000000 23.493627548 -1.763009429 -9.210520744 -0.728933513 -0.361313909 -0.517115712 0.265893817
1403636711213555456.000000 23.477409363 -1.597080469 -9.237951279 -0.707690537 -0.400252014 -0.516187310 0.269301295
1403636711563555584.000000 23.412664413 -1.422963738 -9.229806900 -0.694291830 -0.390906006 -0.530425847 0.289482087
1403636711913555456.000000 23.284147263 -1.297630668 -9.199691772 -0.703488648 -0.384934992 -0.524315059 0.286395818
1403636712213555456.000000 23.141267776 -1.236976147 -9.142879486 -0.713432908 -0.378033370 -0.509796083 0.297005594
1403636712913555456.000000 22.758951187 -1.229427338 -8.926688194 -0.673568130 -0.431680769 -0.505224466 0.323583037
1403636713263555584.000000 22.521202087 -1.317686796 -8.854054451 -0.677969277 -0.436141223 -0.495302320 0.323750049
1403636714313555456.000000 21.882360458 -1.774009705 -8.567546844 -0.696197093 -0.421289831 -0.486060619 0.318699956
1403636714663555584.000000 21.730218887 -1.958038926 -8.570119858 -0.699757755 -0.441360950 -0.463702917 0.317047596
1403636715013555456.000000 21.615224838 -2.107503653 -8.535050392 -0.657499433 -0.505201817 -0.440975636 0.343520194
1403636715513555456.000000 21.487363815 -2.238445520 -8.427481651 -0.631324887 -0.526031315 -0.424606532 0.380038619
1403636716013555456.000000 21.421869278 -2.345285654 -8.423299789 -0.614754856 -0.512446940 -0.456476957 0.388720334
1403636716813555456.000000 21.344350815 -2.683159590 -8.398101807 -0.622459471 -0.524898708 -0.438308090 0.380672514
1403636717213555456.000000 21.302026749 -2.870377541 -8.407511711 -0.576140463 -0.577433348 -0.406019181 0.412045389
1403636717613555456.000000 21.250581741 -3.062541246 -8.385372162 -0.551843286 -0.600500643 -0.405827552 0.412519097
1403636717963555584.000000 21.152696609 -3.235085249 -8.416324615 -0.538206279 -0.613154113 -0.401504189 0.416137457
1403636718813555456.000000 20.745786667 -3.670343399 -8.502692223 -0.479238540 -0.663624287 -0.313067526 0.481582820
1403636719163555584.000000 20.609540939 -3.819657087 -8.553670883 -0.457899719 -0.671754837 -0.328238606 0.480970711
1403636719513555456.000000 20.481489182 -3.976948261 -8.579700470 -0.459655643 -0.660363138 -0.331578732 0.492638707
1403636720563555584.000000 20.238037109 -4.481156826 -8.671890259 -0.480029762 -0.662745893 -0.320768356 0.476914078
1403636720913555456.000000 20.203653336 -4.607589245 -8.672019958 -0.488753647 -0.656690359 -0.328597069 0.471064419
1403636721813555456.000000 20.223020554 -4.887928009 -8.697002411 -0.550367117 -0.599964917 -0.385554761 0.434149504
1403636722663555584.000000 20.239933014 -5.184042931 -8.728413582 -0.554145813 -0.597367942 -0.391898960 0.427187592
1403636724363555584.000000 20.106868744 -5.842652798 -8.720788956 -0.625409007 -0.534491181 -0.428066045 0.374088585
1403636725263555584.000000 19.995666504 -6.096872807 -8.529319763 -0.648903549 -0.500269830 -0.440827787 0.366503954
1403636726263555584.000000 19.921249390 -6.296497822 -8.407466888 -0.641503036 -0.506620467 -0.446688384 0.363701910
1403636727263555584.000000 19.925004959 -6.489531040 -8.192988396 -0.624014556 -0.521161020 -0.449675053 0.369850427
1403636728563555584.000000 19.709657669 -6.864896774 -7.868586063 -0.633284390 -0.509814918 -0.437112421 0.384671807
1403636729063555584.000000 19.581853867 -7.045258045 -7.824563026 -0.592163861 -0.552361906 -0.432259738 0.396723926
1403636729463555584.000000 19.466976166 -7.213490486 -7.823397636 -0.584797025 -0.561511099 -0.423396260 0.404293776
1403636729863555584.000000 19.339580536 -7.410620213 -7.778451443 -0.589269638 -0.564045966 -0.417085022 0.400816023
1403636730263555584.000000 19.207572937 -7.608796597 -7.775018215 -0.593069673 -0.566479385 -0.410996288 0.398059726
1403636730713555456.000000 19.063966751 -7.795570374 -7.785952091 -0.600656807 -0.573760033 -0.397200227 0.390183181
1403636731163555584.000000 18.939239502 -7.883170128 -7.704258919 -0.606370509 -0.553543389 -0.391336918 0.415644109
1403636731963555584.000000 18.882463455 -7.983306408 -7.768598080 -0.594681323 -0.558652103 -0.410055727 0.407573700
1403636732413555456.000000 18.897375107 -8.045997620 -7.875514507 -0.586250663 -0.561873138 -0.419059724 0.406199276
1403636732813555456.000000 18.879617691 -8.150530815 -7.864242077 -0.572140276 -0.561710477 -0.435423404 0.409320682
1403636734113555456.000000 18.531581879 -8.757578850 -7.695394993 -0.581203580 -0.570729971 -0.417244583 0.402959824
1403636736663555584.000000 17.815694809 -9.515277863 -7.343227863 -0.549347162 -0.601286769 -0.402750582 0.417688817
1403636738313555456.000000 17.352457047 -9.774240494 -7.205482006 -0.556536376 -0.604046941 -0.372037441 0.432415068
1403636738813555456.000000 17.326370239 -9.773069382 -7.167725086 -0.594227374 -0.567271292 -0.392643273 0.413435012
1403636739713555456.000000 17.487953186 -9.770684242 -7.334340572 -0.702741563 -0.418869317 -0.487310857 0.305337638
1403636740513555456.000000 17.646907806 -9.768889427 -7.517261028 -0.701271355 -0.415977061 -0.491465926 0.306011438
1403636741713555456.000000 17.774358749 -9.857804298 -7.939730644 -0.723561883 -0.404635578 -0.480026335 0.286885023
1403636742513555456.000000 17.854194641 -9.847226143 -8.106709480 -0.707671404 -0.418045640 -0.484731317 0.299122989
1403636743313555456.000000 17.940666199 -9.771468163 -8.295041084 -0.732226789 -0.415163696 -0.461475700 0.280219883
1403636743713555456.000000 18.043912888 -9.669305801 -8.373439789 -0.721146464 -0.406731397 -0.483210146 0.284649611
1403636744113555456.000000 18.170192719 -9.527314186 -8.531013489 -0.719016373 -0.384727538 -0.506989479 0.279216588
1403636745713555456.000000 18.580610275 -9.239192009 -9.352146149 -0.715899587 -0.377992630 -0.514846921 0.282031924
1403636746113555456.000000 18.636154175 -9.206248283 -9.314659119 -0.722379982 -0.370064884 -0.526885390 0.252212048
1403636746563555584.000000 18.583440781 -9.171097755 -9.211988449 -0.723522484 -0.358667821 -0.529670775 0.259464055
1403636746963555584.000000 18.488395691 -9.135057449 -9.220958710 -0.748817146 -0.362337828 -0.483055413 0.273206323
1403636747363555584.000000 18.467189789 -9.062547684 -9.148806572 -0.728526592 -0.371154279 -0.512566924 0.262237817
1403636747763555584.000000 18.434551239 -8.965077400 -9.055815697 -0.734848797 -0.364465058 -0.511444867 0.256098926
1403636748163555584.000000 18.393938065 -8.847907066 -8.912549973 -0.746247947 -0.336642712 -0.501713097 0.279409647
1403636748563555584.000000 18.395652771 -8.751236916 -8.827856064 -0.736563385 -0.356289983 -0.516977668 0.251527369
1403636748963555584.000000 18.401773453 -8.660104752 -8.725317001 -0.743790388 -0.335302293 -0.511023819 0.270560235
1403636749413555456.000000 18.454004288 -8.613567352 -8.640754700 -0.741805077 -0.334356964 -0.521972179 0.255882412
1403636749813555456.000000 18.500583649 -8.605346680 -8.529165268 -0.731683135 -0.343839258 -0.533788562 0.247960225
1403636750213555456.000000 18.487735748 -8.614415169 -8.495045662 -0.725786507 -0.346812844 -0.533200502 0.262015522
1403636750663555584.000000 18.421833038 -8.662529945 -8.353769302 -0.726973891 -0.362585574 -0.520211041 0.263479024
1403636751063555584.000000 18.345191956 -8.712151527 -8.118988991 -0.727545917 -0.372230291 -0.515494883 0.257656276
1403636751563555584.000000 18.233783722 -8.740434647 -7.883117676 -0.737562478 -0.357226312 -0.503448248 0.273735136
1403636752063555584.000000 18.193962097 -8.759474754 -7.699468136 -0.736983955 -0.383957684 -0.487798065 0.267365426
1403636752513555456.000000 18.217357635 -8.740297318 -7.531028271 -0.700727582 -0.412764519 -0.496840298 0.302912802
1403636753463555584.000000 18.189279556 -8.721117973 -7.400980473 -0.582025230 -0.573816121 -0.424435049 0.389662117
1403636753963555584.000000 18.080759048 -8.723169327 -7.389794350 -0.575025797 -0.576366365 -0.412869066 0.408272386
1403636754463555584.000000 17.939952850 -8.776247978 -7.335850716 -0.571937978 -0.568625867 -0.427057654 0.408868283
1403636754963555584.000000 17.728500366 -8.904283524 -7.301285744 -0.536250949 -0.607285619 -0.396595359 0.431684256
1403636755463555584.000000 17.479337692 -9.103626251 -7.282358646 -0.534773409 -0.627214670 -0.373097241 0.425931454
1403636755963555584.000000 17.198022842 -9.283419609 -7.255012989 -0.534561455 -0.617579162 -0.380716741 0.433468461
1403636756463555584.000000 16.896326065 -9.447186470 -7.207042694 -0.530122936 -0.615829825 -0.384093821 0.438400745
1403636756913555456.000000 16.620674133 -9.623818398 -7.195795536 -0.526908517 -0.616136134 -0.382550031 0.443169415
1403636757313555456.000000 16.384141922 -9.825826645 -7.163567543 -0.526033163 -0.618214369 -0.380897135 0.442738593
1403636757713555456.000000 16.143157959 -10.049801826 -7.169385433 -0.524077892 -0.642482340 -0.360735357 0.427116841
1403636758163555584.000000 15.837376595 -10.225662231 -7.055041313 -0.508634150 -0.640930116 -0.355170995 0.452054828
1403636758563555584.000000 15.576991081 -10.357351303 -7.032435894 -0.529435992 -0.645059884 -0.322559714 0.446710914
1403636759013555456.000000 15.351212502 -10.414236069 -7.060101986 -0.513203084 -0.634287119 -0.350272298 0.460012943
1403636759413555456.000000 15.227682114 -10.443913460 -7.135698318 -0.521952033 -0.621707380 -0.334613115 0.478623152
1403636759763555584.000000 15.208139420 -10.478568077 -7.215585232 -0.504731238 -0.635656178 -0.355626434 0.463376105
1403636760113555456.000000 15.202128410 -10.529181480 -7.242286205 -0.514201641 -0.646008253 -0.343087137 0.447840542
1403636760463555584.000000 15.198788643 -10.563898087 -7.284994602 -0.504545152 -0.635741293 -0.357533872 0.461992204
1403636760863555584.000000 15.195019722 -10.612298965 -7.347603798 -0.502550066 -0.647582352 -0.357793391 0.447285593
1403636761213555456.000000 15.163717270 -10.652343750 -7.396661758 -0.513578117 -0.657848775 -0.339180976 0.434083790
1403636761563555584.000000 15.107677460 -10.648617744 -7.413434029 -0.505249441 -0.645823240 -0.352341145 0.451099813
1403636761913555456.000000 15.053949356 -10.635361671 -7.401544571 -0.514657736 -0.631170332 -0.341820389 0.468946040
1403636762263555584.000000 15.031098366 -10.632178307 -7.373569965 -0.500279546 -0.653029084 -0.365958810 0.435140908
1403636762613555456.000000 14.966615677 -10.617390633 -7.405130386 -0.529621720 -0.630388439 -0.325224876 0.465123832
1403636762963555584.000000 14.958504677 -10.603497505 -7.469916344 -0.510962784 -0.624911249 -0.359107107 0.468449622
1403636763313555456.000000 14.985888481 -10.628581047 -7.497738361 -0.546955168 -0.592083156 -0.363837510 0.466797590
1403636763663555584.000000 14.986824036 -10.649271965 -7.523505688 -0.547630131 -0.592472613 -0.362820238 0.466303438
